
RAYLEIGH: false, CARA: false
20920, 20920, 20920, 20920, 20920, 15622.2, 18707.5, 18456, 14387.7, 14474.9, 10718.9, 11807.9, 11783.2, 10518.4, 4055.95, 4094.58, 4086.36, 3983.63, 2587.26, 1721.83, 
RAYLEIGH: false, CARA: true
20920, 20920, 20920, 20920, 20920, 11118.3, 12479.4, 12263.2, 10166.6, 10240.6, 8254.09, 8669.14, 8655.99, 7912.19, 3514.34, 3494.61, 3488.04, 3414.07, 2560.96, 1670.87, 
RAYLEIGH: true, CARA: false
20962.7, 20942.2, 16846, 13577.4, 11217.8, 9743.33, 8466.96, 7065.66, 5306.85, 3360.65, 2207.56, 1864.01, 1406.23, 1131.72, 992.003, 932.828, 828.45, 775.028, 723.25, 653.391, 
RAYLEIGH: true, CARA: true
20962.7, 19609.9, 13703.1, 10358.9, 8949.4, 7931.92, 7097.71, 6304.6, 5155.62, 3912.95, 2606.17, 1945.38, 1540.19, 1291.17, 1121.04, 993.647, 839.134, 770.097, 704.347, 650.925, 

